2506
4140
23062
25428
28903
39102
43079
43582
45554
51680
54643
57652
60063
61864
66890
69907
78097
86441
98281
102445
103368
105339
104878
111289
116202
118511
118764
123419
123471
140554
157838
160852
164339
165309
168068
169934
177952
180444
180606
184824
189193
193628
196178
198215
201633
202711
203179
205106
207005
208565
209866
215991
218618
219365
219531
219481
220772
230967
243233
246820
248762
252981
259742
264143
266931
267499
270628
270839
271631
282942
290310
294322
297685
299617
300336
305496
311723
311686
318887
319237
320891
324702
325096
327037
334301
337090
342432
349539
349435
351173
351506
351638
352024
354396
359592
362552
364596
365987
371771
383980
396106
405333
410714
412182
418554
420779
420746
423305
430717
432316
433424
434533
435499
466166
466796
469745
472510
473879
476904
477699
477892
485630
487996
490978
497126
497380
502942
503471
505414
506159
518048
520543
532117
532357
542319
546971
548874
551562
552492
552982
555884
557655
561293
567008
570753
572450
577642
579066
579877
580664
582736
586780
593564
595778
605254
616209
619726
625506
625868
626225
630140
636738
653955
658337
658522
658490
676731
680196
681833
683796
685602
687091
690787
694174
695722
703011
711692
714581
715169
717397
721712
722272
723213
728788
728918
745012
747686
755184
759911
759586
760896
767643
784399
785196
794975
798445
798706
803551
811330
821467
821481
822572
830894
842361
845001
851802
851923
853181
854863
855851
859411
858980
861156
867572
872211
884176
885269
888906
894330
896618
898104
901928
901598
906174
907919
923119
925711
929270
932474
932459
938998
938805
943514
952391
952297
955175
961672
978402
981509
986837
992333
998195
998980
1002584
1003458
1005276
1009390
1015464
1040348
1047336
1056491
1059356
1059747
1062640
1063357
1063487
1065351
1067457
1085649
1086398
1089409
1102826
1104726
1110618
1112600
1117332
1119092
1123627
1124177
1126724
1127918
1133676
1143335
1144466
1144703
1153155
1156652
1158319
1158221
1166857
1168477
1181038
1181025
1183139
1184146
1190278
1191107
1192042
1192928
1193832
1198831
1202756
1205923
1210719
1215573
1216681
1218960
1222677
1229780
1229610
1235561
1241339
1241517
1241455
1242488
1245232
1249132
1259834
1276808
1280564
1298962
1304152
1314101
1314590
1318581
1318980
1329408
1330989
1333018
1334199
1336569
1340009
1340531
1345124
1352499
1354751
1359551
1361725
1362402
1365244
1367516
1370930
1371188
1377676
1379247
1382835
1383131
1390766
1398690
1400256
1400138
1401083
1403171
1402681
1404613
1405538
1409056
1410820
1418734
1430401
1440137
1440234
1442527
1454828
1462977
1464371
1467166
1468391
1471633
1473785
1476711
1478990
1479165
1482313
1485559
1485584
1486626
1508541
1513790
1515508
1517220
1518161
1520000
1523159
1525945
1528839
1531172
1537701
1539595
1540336
1541511
1542894
1544171
1545489
1561433
1571519
1582629
1585157
1591558
1594819
1602203
1605625
1607174
1613958
1623569
1627437
1629442
1644837
1648395
1650842
1651908
1652252
1659470
1662490
1665535
1666666
1668340
1668793
1679396
1691476
1696063
1704642
1704843
1710804
1713001
1713595
1714661
1715822
1722763
1728827
1735005
1765170
1777357
1781965
1799882
1802720
1803957
1816359
1819562
1829663
1830687
1832730
1840396
1845869
1850880
1853787
1861111
1862066
1867909
1871118
1874324
1878818
1886071
1886713
1895250
1902614
1906494
1906581
1906564
1910150
1912480
1921124
1921794
1923337
1924775
1932723
1933917
1946887
1961873
1963281
1968175
1984617
1987609
1991170
1991476
1996757
1999028
2000335
2000916
2000946
2006731
2008611
2012829
2016243
2024836
2024962
2026927
2032543
2037632
2048679
2050439
2050539
2051050
2059290
2067243
2074485
2083429
2085447
2090459
2097988
2098278
2104208
2105142
2106842
2114077
2123623
2127199
2129384
2136185
2136366
2139577
2140610
2146406
2154366
2158880
2160237
2160901
2161357
2161496
2162746
2166756
2169028
2173945
2176937
2182993
2185062
2187074
2189361
2190765
2191240
2191930
2195621
2197369
2213051
2214274
2214133
2224015
2223852
2224891
2224346
2225407
2229419
2235526
2238123
2241293
2250031
2258442
2259936
2261324
2262770
2265577
2278770
2279221
2283883
2284185
2284505
2286337
2293630
2295924
2314133
2322935
2330155
2333257
2347796
2349816
2356104
2359752
2360102
2362810
2370925
2374827
2377808
2379525
2381556
2396429
2400456
2400563
2400578
2402995
2403643
2405573
2408942
2409039
2414205
2414981
2415777
2420264
2429651
2430286
2435945
2445019
2446124
2447869
2448400
2450084
2453382
2461738
2471363
2473752
2476943
2480449
2483282
2499242
2501857
2501202
2503152
2509395
2512734
2519167
2523854
2526326
2527238
2527893
2531624
2537713
2538665
2543131
2544313
2546406
2548592
2553582
2561221
2562971
2563828
2564255
2565873
2569569
2570011
2576194
2582029
2583665
2583564
2594105
2596672
2598676
2597981
2603581
2605446
2606074
2608459
2608616
2610841
2629215
2631584
2632936
2645505
2652300
2653738
2656921
2661862
2667282
2672604
2673879
2675955
2678485
2680906
2691701
2708787
2709516
2715390
2715713
2722434
2723782
2740263
2742996
2749424
2752997
2754161
2754593
2757259
2763103
2767858
2774600
2775653
2780113
2787794
2788493
2791374
2794927
2798017
2803312
2807122
2808119
2810276
2813318
2816352
2820139
2825016
2830498
2832915
2833380
2835522
2837001
2839855
2846138
2849650
2850005
2853432
2864578
2864878
2871293
2876328
2880265
2880710
2883424
2893544
2900157
2901349
2906087
2909627
2911034
2920717
2925906
2930091
2931127
2938645
2941163
2941847
2945697
2947494
2953652
2953465
2955828
2956755
2958000
2959500
2964067
2967592
2970568
2973669
2973699
2976036
2978824
2980862
2985302
2991428
2995530
3019736
3031103
3034221
3039015
3042255
3044853
3046490
3047230
3054460
3054511
3064547
3065492
3070751
3071076
3073739
3074281
3091319
3098207
3100818
3109493
3118644
3119583
3119901
3121585
3131164
3132349
3132376
3133241
3142629
3146113
3152501
3160619
3168056
3171686
3179135
3182734
3182808
3184615
3189365
3190270
3193275
3192980
3197693
3205157
3215058
3216517
3225608
3229104
3232597
3235534
3239748
3240668
3241718
3245516
3253688
3258434
3260580
3262983
3265057
3265326
3270273
3271441
3271972
3275093
3279343
3279378
3279907
3283718
3284831
3285336
3295015
3301647
3304564
3304598
3304637
3305582
3308675
3311792
3318940
3321171
3321699
3332325
3338579
3341324
3344979
3344840
3350188
3351768
3359011
3358958
3359637
3362739
3364737
3370676
3373978
3374627
3383445
3388280
3393941
3395821
3401905
3405912
3409208
3413107
3421399
3423417
3430091
3430714
3433042
3433938
3437408
3440530
3444036
3445309
3452993
3452962
3453459
3457669
3462685
3466088
3467073
3479009
3487720
3488631
3491090
3491752
3492103
3494989
3495942
3508913
3512027
3518049
3523926
3527328
3530992
3533694
3538785
3547468
3555787
3560079
3562272
3562446
3563234
3564506
3566719
3568267
3569403
3570757
3572433
3578231
3579172
3579323
3580799
3581749
3599074
3609158
3616400
3619534
3621338
3623517
3628652
3630338
3632178
3646236
3654869
3658499
3662145
3662509
3667000
3667607
3669793
3675036
3680790
3698956
3704215
3706640
3709047
3709943
3714245
3719206
3719329
3726157
3728373
3728603
3731107
3734978
3747061
3756748
3757783
3758336
3759104
3767027
3772362
3781598
3782042
3789896
3795939
3803723
3806142
3810160
3814548
3821093
3824010
3824226
3827058
3827445
3827616
3834405
3834845
3847890
3851120
3850624
3858018
3860650
3865815
3866878
3870684
3871885
3877599
3878178
3885869
3891926
3899853
3902589
3903319
3926318
3926954
3926807
3932359
3943646
3952856
3964474
3969005
3972131
3976801
3977468
3977842
3989327
3990576
3993832
3999979
4000767
4004366
4012911
4018572
4020005
4028907
4036238
4042091
4047285
4049337
4049503
4052344
4053770
4060729
4062131
4066372
4070497
4070451
4077989
4080607
4082020
4086919
4095838
4099065
4099380
4101247
4114540
4115243
4118427
4121585
4127040
4131847
4142898
4143877
4154886
4159881
4165444
4177065
4178303
4181437
4182763
4185341
4190054
4192277
4193457
4194512
4196631
4202022
4208616
4212835
4219829
4222069
4234097
4235450
4235331
4236205
4239399
4244343
4248104
4250058
4250064
4250510
4255226
4257023
4266357
4269162
4274485
4275382
4276695
4277373
4283304
4289997
4294261
4309660
4312261
4312121
4319911
4323453
4323931
4326762
4328547
4330305
4331121
4340362
4340985
4348055
4349558
4352355
4352536
4363062
4364950
4365104
4371927
4373739
4374292
4378034
4383306
4387662
4389893
4405786
4407724
4418657
4420433
4426790
4432984
4436476
4439741
4441264
4442772
4442871
4452076
4454478
4459203
4460207
4462059
4467290
4468108
4474064
4474594
4474862
4476520
4478365
4483318
4484534
4488198
4495421
4497958
4506349
4512423
4512841
4517639
4519415
4521425
4521781
4528257
4532687
4535315
4539434
4543825
4549494
4550698
4551146
4552563
4555077
4555090
4556270
4558144
4561121
4565559
4572185
4574979
4574624
4593178
4603671
4605090
4609934
4611663
4614390
4615018
4615085
4623476
4627209
4628279
4637647
4637873
4641969
4642961
4643905
4648617
4649413
4651291
4652997
4661688
4664123
4664657
4668587
4668947
4675064
4676861
4678428
4685458
4689599
4692840
4694706
4694790
4697247
4703664
4706984
4709000
4710936
4714943
4715152
4728677
4735145
4737044
4744961
4754207
4758523
4762746
4766082
4768773
4769391
4771758
4771437
4777282
4780086
4781528
4783792
4788405
4789017
4799582
4811908
4826663
4827382
4828012
4838121
4839882
4839658
4842192
4845639
4849336
4850665
4855249
4855357
4857231
4865326
4869326
4873370
4877065
4895189
4897335
4897628
4902860
4905516
4906553
4911241
4921152
4922687
4928333
4928736
4935406
4950090
4953305
4958949
4959685
4961823
4963287
4966563
4968225
4968458
4969133
4973471
4983835
4986383
4993205
4993206
4996757
4998699
5000008
5001779
5006256
5010756
5011668
5012982
5015475
5020794
5023348
5023741
5038013
5040558
5040402
5043303
5050573
5050470
5052042
5052370
5055746
5057390
5059713
5063244
5064252
5066022
5068297
5069752
5078569
5080058
5081661
5083088
5095231
5099942
5103671
5104563
5104326
5110272
5111650
5112358
5115597
5122825
5123260
5132320
5137772
5145461
5149585
5159859
5166914
5167536
5169174
5172952
5181517
5184888
5186292
5188692
5194070
5205178
5210416
5217441
5221014
5226252
5226313
5230749
5234682
5235332
5241262
5241770
5244094
5245593
5256587
5260138
5262316
5265015
5270813
5278583
5282932
5285928
5292485
5299874
5305202
5307418
5311806
5312477
5313917
5318731
5322121
5327764
5330536
5331306
5335116
5337972
5356352
5364520
5365540
5370505
5372252
5396791
5396950
5406296
5410163
5414422
5416702
5417816
5420092
5434385
5438507
5438710
5457805
5458403
5471696
5472001
5473157
5473692
5479041
5481928
5487960
5488478
5493246
5493875
5494684
5496637
5499359
5506456
5509235
5513531
5514757
5520256
5520863
5522982
5528846
5534976
5537933
5548055
5548068
5548760
5556738
5556850
5561729
5567808
5569666
5569999
5575456
5593754
5600760
5612140
5621324
5624531
5625889
5628914
5631544
5633894
5640254
5640263
5640445
5642133
5644625
5648112
5650999
5655498
5658490
5667539
5668121
5673428
5673783
5674733
5680497
5680137
5689255
5689689
5689963
5690928
5695027
5696315
5697615
5698485
5701027
5703334
5706152
5707668
5716118
5716552
5723582
5732751
5746108
5755751
5759253
5760600
5767833
5769465
5775641
5785368
5785842
5796587
5799352
5804612
5807092
5809244
5820142
5821966
5824367
5828784
5833383
5841003
5841269
5845792
5846771
5848645
5849596
5864190
5864519
5865996
5866719
5877074
5882909
5885218
5892528
5894295
5898754
5901292
5900929
5903382
5904171
5909494
5910947
5911180
5912375
5939184
5942069
5946002
5950951
5960565
5962318
5964063
5970573
5972077
5979214
5983380
5987572
5987994
5997976
5998588
6001443
6006986
6007600
6010372
6011208
6019704
6024089
6024697
6036457
6037100
6041366
6043701
6047238
6047623
6047826
6050045
6050748
6051244
6056096
6059401
6060780
6078767
6079704
6082066
6087499
6092665
6096630
6097618
6102324
6109519
6108832
6125868
6128361
6129068
6131114
6145829
6154030
6163296
6175261
6177834
6179317
6181730
6203111
6212737
6220261
6227979
6227975
6233764
6234496
6236989
6238392
6238904
6241885
6246839
6251419
6251782
6258660
6260517
6261247
6261415
6264590
6266325
6267191
6269426
6269590
6275896
6285429
6292711
6292441
6296541
6297306
6300629
6305419
6308128
6310140
6312094
6316920
6320671
6322606
6322988
6324304
6327396
6328849
6335157
6336943
6342776
6343691
6349914
6355317
6355928
6358380
6361742
6369953
6377510
6379108
6382708
6383631
6383978
6392680
6393758
6398058
6399918
6411146
6418481
6427982
6429452
6435808
6438899
6446312
6451491
6454568
6456836
6460149
6462990
6463586
6468382
6478183
6478614
6484885
6503753
6507658
6512189
6521066
6540495
6541070
6546563
6548877
6549361
6551309
6561738
6562565
6572395
6573072
6575411
6579915
6586677
6586108
6589300
6593010
6595536
6598387
6602726
6607070
6612154
6619027
6619367
6633757
6634057
6639415
6640850
6645444
6653697
6655538
6661607
6671229
6678655
6680595
6682965
6687299
6689274
6692598
6698171
6704068
6706811
6715832
6718873
6719858
6721039
6728446
6731973
6734792
6734986
6736069
6745235
6746909
6747728
6752906
6752263
6753924
6754602
6754840
6756803
6759771
6760622
6762786
6769178
6802577
6813816
6817534
6821788
6832030
6832309
6833631
6836063
6838123
6839027
6840996
6842116
6844352
6847378
6849608
6852779
6862989
6868733
6869346
6871630
6871864
6873107
6879736
6882807
6899568
6908068
6912215
6914339
6919328
6922398
6924412
6927776
6927921
6942775
6942531
6943364
6947868
6949789
6956998
6957539
6967977
6970097
6972332
6974575
6980005
6983251
6989989
6991631
6992312
7002334
7008668
7014276
7019165
7026678
7034851
7035674
7035757
7036891
7039393
7041679
7043728
7050579
7051174
7051912
7060030
7072814
7076431
7077619
7089602
7090295
7096648
7100963
7102494
7111848
7119604
7120866
7121857
