67
297
953
1790
2038
2506
4140
8302
9005
10982
11277
11296
11319
13228
13284
13538
15577
14882
17801
18144
19447
19772
19820
20364
20777
20979
23062
23588
21760
25127
25342
25428
26291
27638
27238
27587
30720
31853
32998
32344
33657
34617
34603
34628
35265
37722
37978
40831
40938
43079
44008
45554
49291
49887
50782
54265
54337
54643
54338
54908
54894
56481
57347
58712
58923
60178
60461
61831
62933
63671
63751
63928
65091
68488
68627
69037
69222
71409
71213
71577
73244
73737
73802
74449
74526
75152
75419
75671
77614
78359
78727
78655
79951
80334
80950
81404
82155
82422
82853
82872
83340
84259
84217
84718
85014
85781
86274
86441
86502
86995
87508
89334
91530
92206
93435
93913
93937
94044
93816
96069
95754
97007
97078
101466
102445
103027
103186
103368
103395
103757
105339
106257
108179
108360
108793
110189
110429
110595
113036
113639
114266
114048
114537
114895
115020
115592
116332
117372
118014
118764
119304
119808
120994
123050
123009
123482
123419
124343
124936
126230
127377
127358
127914
128188
129098
133788
134247
134885
135094
135357
136159
137686
138505
139586
140554
140494
140885
142693
142810
143424
143936
144545
145854
145981
146584
147025
146865
147551
148384
148652
148925
151052
152045
153606
154554
153060
155500
155873
156605
156316
157219
157838
157702
157956
159876
160793
161240
161564
162287
162425
162155
162276
163484
164339
166065
167511
167749
167128
167730
168814
169262
171310
172046
172692
172422
173315
173516
174909
177124
178047
180019
180444
180823
181275
183734
183654
184327
184348
184893
184824
184262
185971
185740
186020
186766
186895
187546
187350
187383
190165
189622
191383
192569
193442
193326
193790
194929
193622
195597
196186
196178
196455
197749
197848
197769
198706
199193
199249
200766
202057
200574
202199
202711
203255
203509
204707
206141
206497
206223
206770
206847
208565
208542
209644
211367
211443
212242
213217
214461
214938
215517
215653
217179
217327
217784
217843
218077
218618
219110
219481
220772
220783
223338
223917
224094
225333
226115
225974
227892
228150
228694
228759
229113
228515
229794
230959
230732
230967
232206
232594
232790
233114
231986
234965
233678
235998
238000
239473
240336
240955
242790
243946
247574
248762
249284
250834
251707
252024
252970
252981
254971
255680
255502
258276
259577
259742
259579
260009
260579
261312
261995
263696
264119
264143
264957
266491
267048
266931
268404
271571
271712
272380
273153
274331
274143
277025
277550
279040
278703
279284
279741
280426
281405
282175
283194
283233
283117
283614
284732
285097
285359
285776
286746
287211
288344
288589
290310
290575
291517
293815
293907
294976
296903
296672
297618
297685
298812
299094
301445
301424
302941
304230
306220
307445
310193
313563
313644
315397
315703
316796
318178
318526
319565
321889
323292
324429
324589
325096
325550
327037
329445
331487
331665
331694
332060
333422
333223
334015
335203
335914
336277
336291
336757
337090
338447
340475
341033
342002
342432
343017
344591
344943
345223
347487
349435
349539
349934
351173
351506
351508
351422
355443
357455
358776
361083
360781
361309
361471
363902
364668
365104
367523
368791
369053
369251
371001
371372
371589
372673
375643
376344
376657
377238
377255
378124
378105
378415
378923
378647
379036
379096
380683
380788
381177
381979
382625
383119
383061
383908
384364
384516
385093
388032
389545
389730
389588
389703
390945
390878
392482
392839
393831
395833
396314
396416
397325
398223
399571
400290
401110
401331
401299
401086
401988
402650
403662
404893
406384
407856
410714
411794
412796
413752
413830
419039
419516
419743
421297
421556
423001
423305
425431
425357
425522
427359
427480
427839
429987
430419
432647
434227
434449
434533
435499
435439
436370
438323
438396
439666
440846
441848
442051
443269
444037
444525
444972
445787
448593
450149
449941
450900
452032
451944
451945
452668
453869
454349
454984
454899
456257
456406
456692
456809
457215
457691
458022
458372
458612
459589
459887
460979
461448
461666
463541
463660
465082
466158
466260
468153
469218
469745
471573
473105
473260
473497
474586
477892
478074
478259
479765
480091
480205
481313
482697
484256
485630
486810
487069
487776
487852
487930
489448
490010
490978
491084
491571
492715
493692
493990
494900
494831
495649
495179
497006
497126
499284
499418
499782
500076
502942
503383
503470
505327
505414
506316
507734
508503
509574
510106
510236
511193
511191
512278
512540
512504
513033
512740
514761
515258
515725
516570
516419
517870
518392
519096
519366
519862
520233
520543
523454
524426
524568
525181
526315
526227
529631
529640
532117
532987
534424
534759
535275
535363
535533
535622
536573
536758
539296
541360
542319
543380
543603
543461
543717
544159
544509
544472
544538
546642
546645
547613
548284
548024
548874
549288
549211
550575
551562
552039
552400
552982
553996
554658
555026
554931
557644
557730
557655
558200
559408
559569
559931
560857
561906
561099
563913
564032
564408
567535
569028
569600
571077
571383
572183
572770
574598
575380
577015
577642
579084
582788
582957
583451
585794
587252
589693
590469
590431
590221
591618
592413
592272
593010
593011
593026
592504
592783
593597
594498
595459
596204
595778
598228
604001
604382
604767
606676
607939
607978
609029
609413
610475
610701
612266
613172
612840
613689
614568
615601
615664
616209
616612
615431
618333
618577
620028
620506
620832
621714
622142
622820
622583
623683
624316
624096
624629
624495
624955
625010
625408
625506
625645
625868
627219
628277
632189
632203
632861
634025
633930
635546
635857
636196
636738
637359
637882
638112
640921
641429
642566
642464
643411
643544
646068
646087
646543
647517
647916
648195
651093
651782
652515
652485
654080
654666
655247
657036
658490
658337
658470
660302
660890
661839
662316
662793
663414
664166
664571
666336
667950
668634
669886
671382
671433
672156
672608
672888
672987
673382
674195
675870
677614
679642
679954
681055
681560
681833
682032
682842
682978
683464
684048
684490
685271
685478
686300
688387
688285
688574
690352
692980
693282
693387
693276
693468
693481
694174
696766
697269
698269
698446
698867
700298
700916
701029
702261
702870
703648
704744
705092
707697
707804
708979
709154
709591
709760
710129
710798
711949
711827
713847
713654
714581
714655
714695
715886
716161
717307
718243
718835
719153
719833
720621
720946
721194
722474
722294
723236
726354
726312
729908
731587
732736
733169
734618
735399
735669
735607
736624
737310
737434
737268
739619
740418
740244
743379
743461
743999
744129
745012
746520
746175
746598
746829
747853
747686
749030
749019
749905
750316
750828
750919
751649
752731
755184
755080
755746
755632
756300
757114
758818
759922
760896
761728
762539
763111
763360
763896
764257
764007
766752
767243
769550
769543
770442
771299
771446
772559
773491
774536
775710
776034
778284
779887
780524
780724
780683
781562
783791
784899
785117
786138
785738
786682
787563
790670
791361
792341
792442
793242
793788
794763
796977
798210
798706
799495
799546
802515
802671
802780
803159
803551
804482
804746
805547
805803
806309
806633
807698
809572
809739
810187
809948
810529
811765
812333
814008
814280
815322
816502
816867
817349
819047
820054
821462
821467
821628
823502
824059
824547
824819
825228
825577
827014
826656
827607
829427
829740
830123
830977
830894
831223
832015
833332
833333
835254
836330
836782
836797
838237
838220
840446
841749
842139
842484
843487
844135
843536
844489
845358
846321
847087
848394
848513
848391
849004
849280
850831
853181
854141
855120
854863
856404
856354
858768
858940
859415
861156
861486
862864
863329
863416
864524
864677
866577
867572
868578
869399
869198
869513
870558
871262
871495
872097
872768
876850
877255
877754
878836
879048
879693
880095
880472
881090
882686
882878
883179
883374
885000
885269
886003
886421
888906
888978
889791
890085
890737
893230
895432
895635
898590
899030
900132
902323
904157
904590
905128
905422
906749
906870
906994
907919
908198
908222
908565
909278
909504
910597
911162
912461
912683
914041
914840
915899
916129
916881
916817
916923
920112
920971
921139
920361
922179
922964
923119
924585
924822
925181
925711
927249
927477
928377
928247
928508
929563
930000
930633
931404
931110
932459
932474
932774
932866
932822
932884
933970
934448
935094
935085
938998
939105
940819
942354
943314
943483
943571
943991
945022
946794
947228
947160
947482
948123
948656
949179
949148
949604
949759
950765
950604
951408
951817
951895
951815
952391
954485
958083
961672
963722
964307
965791
969328
970265
970210
971238
971720
972872
973185
975377
979455
979812
979879
979982
980421
984051
984048
984212
985466
985216
985783
986286
987914
988337
988883
989792
989872
990162
990770
990968
992333
992928
993708
994893
995510
995729
996589
996792
998195
998980
999644
999911
1001680
1002808
1002954
1003563
1003781
1003994
1004274
1005276
1005583
1005888
1008498
1008873
1009390
1009967
1012323
1013152
1012880
1013208
1013101
1014023
1014221
1014179
1015303
1015212
1015103
1015464
1016090
1016052
1017197
1019123
1018994
1021082
1024477
1025081
1025813
1026335
1026642
1027061
1028627
1029968
1032698
1033350
1034141
1036690
1036843
1037222
1037327
1038086
1040504
1041726
1042435
1043277
1044247
1044879
1046086
1046108
1046756
1047361
1047543
1053621
1054145
1055847
1055888
1055984
1060745
1060859
1061002
1062463
1063298
1063795
1064650
1066740
1066814
1068536
1069576
1070063
1073961
1074362
1075218
1076835
1077495
1077593
1078292
1079569
1085168
1085649
1085711
1086552
1087995
1088213
1093174
1092835
1093228
1093478
1094335
1094531
1095027
1096157
1096901
1097964
1098078
1098230
1098919
1099485
1100897
1101593
1101805
1102420
1102674
1104726
1105665
1106612
1107085
1106983
1108898
1109081
1108995
1109911
1110254
1110268
1110618
1110764
1110852
1112600
1113118
1113849
1113937
1114529
1114539
1115241
1116484
1117012
1117332
1117653
1117482
1117700
1118684
1119652
1120443
1120480
1122009
1122120
1123450
1124492
1126138
1127917
1129920
1130217
1130448
1130406
1132843
1133607
1133712
1134084
1134125
1135546
1136361
1136693
1138742
1141370
1142102
1142201
1143335
1143843
1144015
1144466
1144708
1144703
1146592
1147721
1147488
1148972
1149710
1150662
1151006
1152906
1152938
1153420
1153432
1155523
1156389
1156652
1157032
1160223
1160674
1161723
1162364
1162428
1162868
1162796
1163366
1163780
1165374
1165752
1166857
1166994
1168862
1169645
1169871
1169724
1169997
1170442
1173955
1175601
1176169
1178119
1178792
1178953
1182919
1183177
1183139
1184146
1184160
1187635
1188806
1188794
1190245
1190368
1191107
1191170
1191268
1191750
1192042
1192349
1194421
1195155
1195408
1196740
1197227
1197836
1198053
1198467
1199124
1199511
1201004
1201579
1204790
1204942
1205477
1206052
1206965
1206966
1208508
1210719
1210818
1212266
1213099
1213594
1214132
1215573
1217614
1218140
1218119
1218892
1219009
1218430
1220400
1221321
1222053
1222677
1223907
1223789
1224698
1224671
1224903
1225480
1226590
1227192
1227317
1230738
1230996
1231599
1232366
1232332
1233654
1233859
1234878
1235792
1236638
1236846
1238779
1239414
1241455
1242488
1242205
1242308
1243846
1244641
1245232
1245783
1246110
1246498
1247094
1247522
1248121
1248631
1250822
1252279
1253137
1253553
1255623
1255650
1256062
1256995
1258761
1259484
1260833
1260853
1261422
1264495
1265172
1265297
1266287
1265783
1267931
1267712
1267880
1268541
1270275
1270428
1271748
1272382
1274372
1274849
1276607
1277411
1277448
1278203
1279750
1279809
1281352
1282138
1281979
1282255
1282524
1282864
1283316
1283370
1284321
1286413
1288221
1290153
1291756
1292519
1294174
1294212
1295293
1295806
1297946
1298137
1298788
1298962
1299665
1303251
1304381
1304607
1305338
1305264
1305450
1307327
1307990
1308104
1309701
1309984
1310424
1312010
1312867
1312746
1313993
1314877
1314965
1315147
1315454
1315968
1316401
1316691
1316918
1317156
1318581
1320836
1323045
1323745
1323783
1324665
1324780
1325990
1325878
1327125
1327821
1329918
1329948
1331542
1332199
1332308
1335388
1335373
1336569
1340009
1340531
1342636
1343175
1342879
1344982
1345609
1346870
1347164
1348881
1349686
1350479
1350259
1352549
1355318
1357246
1359055
1359618
1359551
1360374
1360812
1361725
1361561
1363268
1363164
1365244
1365436
1367487
1367516
1367759
1368310
1370930
1371188
1372588
1375115
1375668
1376301
1376407
1376521
1377286
1378269
1378503
1381909
1383274
1383565
1383022
1385944
1387096
1387081
1388332
1388997
1389320
1389432
1389708
1389768
1393657
1394573
1396065
1396880
1399266
1400780
1401083
1402386
1402568
1403171
1403152
1405517
1407405
1408112
1409056
1408957
1410761
1412457
1412535
1413883
1416958
1416647
1417794
1421275
1421941
1425140
1425033
1425171
1426068
1427610
1428671
1429933
1431020
1431676
1432217
1433042
1432908
1432690
1433493
1434885
1434957
1435492
1435776
1437231
1437758
1438187
1438563
1439029
1439170
1439462
1440234
1440137
1441070
1442612
1442508
1442455
1442690
1442973
1443547
1443559
1445986
1449107
1450311
1451842
1451868
1452450
1452716
1453308
1453564
1453607
1453943
1454622
1454954
1455712
1456565
1456942
1457940
1457797
1458484
1458751
1462436
1463902
1465736
1466319
1466458
1467166
1467588
1467690
1468014
1468391
1469242
1470085
1470791
1472433
1473861
1475392
1477052
1477465
1478742
1478990
1479688
1480120
1481422
1482313
1483193
1483105
1485584
1486626
1487897
1490998
1491102
1491197
1491749
1492014
1492518
1493380
1493693
1494931
1495835
1496079
1496756
1497063
1497701
1497864
1498623
1500218
1500717
1502001
1501802
1502790
1502995
1503246
1503191
1503596
1503668
1507242
1507726
1508541
1508583
1509452
1510468
1511171
1512601
1512993
1513166
1513790
1514882
1515508
1515756
1516276
1516929
1517220
1518163
1518759
1520590
1521381
1522893
1522773
1523159
1525332
1525945
1526222
1527517
1531570
1532792
1533544
1533618
1534462
1535052
1535399
1535619
1536033
1539343
1540523
1540771
1541590
1542972
1544271
1544861
1545170
1545968
1545894
1546230
1547466
1547571
1548887
1549495
1549719
1550246
1552094
1552612
1553166
1554690
1556802
1558923
1559236
1559238
1560016
1560110
1563811
1564727
1566750
1567579
1568487
1568337
1569962
1569607
1570817
1571147
1571853
1572641
1574708
1575179
1576837
1583584
1584421
1584883
1586341
1587195
1588609
1588373
1589607
1589971
1590234
1590502
1590779
1591128
1591558
1592193
1592201
1592346
1593361
1594201
1594184
1594665
1594747
1595251
1594819
1596254
1599388
1599698
1600245
1600601
1600857
1601118
1602487
1604565
1604493
1606276
1606406
1607726
1611049
1610892
1612244
1612422
1612704
1612902
1615583
1616256
1616553
1617140
1618127
1620292
1621065
1622281
1624839
1624955
1625454
1625603
1625593
1627959
1630325
1633341
1633929
1635392
1637867
1638626
1639609
1639756
1640430
1640924
1642543
1642939
1646579
1647659
1647535
1648395
1648385
1649067
1649740
1649479
1651023
1651417
1651908
1652048
1652747
1653249
1653717
1653446
1654021
1653989
1654755
1655189
1655837
1659267
1659470
1661467
1662289
1663005
1663692
1665487
1665535
1666628
1668278
1668192
1668544
1668826
1669096
1669586
1670977
1671504
1671682
1672642
1675037
1676274
1676871
1677450
1678754
1682271
1682112
1682664
1683661
1683979
1685050
1687933
1688138
1691529
1692336
1692815
1697153
1697444
1698805
1698984
1700094
1701704
1702726
1702788
1703226
1704097
1704843
1707704
1707985
1709588
1709813
1710531
1710560
1710605
1714661
1716271
1717936
1718447
1719915
1720841
1720962
1721295
1722709
1723080
1723400
1724659
1726183
1727726
1728827
1729095
1730300
1731265
1731447
1731817
1733934
1734380
1734702
1734674
1734705
1735005
1736256
1736850
1739450
1740660
1742466
1743103
1743171
1744354
1745947
1746376
1748128
1749653
1750332
1752682
1752794
1753158
1755514
1755107
1755446
1755575
1757445
1758757
1758832
1760106
1763985
1764977
1764630
1765291
1765887
1766479
1768518
1768416
1769802
1770827
1771188
1771575
1771797
1772151
1775829
1776900
1777357
1778126
1777926
1779796
1779959
1780832
1781628
1781822
1782325
1782023
1782186
1782736
1785948
1785919
1786167
1786202
1786546
1786896
1786959
1787265
1787047
1789931
1789925
1792669
1793808
1795192
1796364
1796544
1796854
1798526
1798509
1799082
1799671
1799375
1799882
1802720
1806250
1808625
1809722
1810661
1810712
1811408
1812290
1814463
1814889
1815357
1816718
1818714
1823542
1824189
1825402
1828245
1828992
1829410
1829636
1829663
1830649
1830940
1832032
1832773
1835876
1835647
1840033
1840321
1842228
1843098
1843060
1843380
1844681
1846290
1847176
1847311
1847415
1847949
1848365
1848852
1849914
1851325
1851268
1851876
1853577
1854020
1855627
1856869
1857328
1858140
1858293
1858123
1858768
1859209
1861529
1864679
1867178
1869144
1870278
1870686
1871360
1871889
1872319
1873918
1874262
1874777
1877912
1878588
1878818
1882931
1883064
1883274
1884349
1884401
1885452
1885789
1886206
1887662
1890348
1892825
1892151
1895250
1895696
1896179
1899712
1900254
1900046
1900415
1900742
1901701
1901871
1902821
1903398
1903846
1907601
1908879
1909711
1910370
1910790
1912202
1912440
1912525
1912928
1913454
1914319
1914883
1915771
1915851
1916049
1916661
1916739
1916952
1917937
1918207
1918474
1919614
1919726
1920372
1922296
1924775
1925086
1927747
1928681
1929329
1931324
1932058
1935431
1936811
1937115
1938178
1940125
1941213
1943343
1943922
1943725
1945354
1945978
1946887
1947898
1948538
1951343
1952164
1954747
1954735
1955007
1956911
1957065
1957497
1957851
1957760
1958941
1959457
1960194
1962969
1964458
1964508
1965878
1966055
1966432
1967529
1967813
1968516
1968914
1968575
1970054
1969940
1971177
1972058
1972580
1972594
1974419
1977016
1981119
1981631
1983740
1984617
1984997
1986744
1986816
1987684
1988068
1988911
1990962
1993644
1994168
1994809
1994681
1996429
1996757
1997960
1998468
1998433
1999058
1999028
1999152
1999451
2000122
2000335
2000946
2000916
2001016
2001563
2001865
2002337
2002780
2003064
2004742
2005846
2007349
2007701
2008502
2009121
2010290
2010784
2011442
2012829
2012372
2013301
2013392
2015092
2015352
2016701
2017991
2021511
2022770
2023727
2024962
2025735
2025969
2026904
2026964
2027684
2026835
2027571
2028573
2030647
2031354
2031634
2032543
2032598
2034065
2036121
2036439
2037950
2040422
2041589
2044590
2045293
2046581
2048331
2049920
2050140
2050328
2050439
2050539
2051050
2051024
2052330
2052776
2053215
2053908
2055487
2057124
2058326
2059971
2060412
2061460
2062661
2063035
2064477
2065253
2067243
2067865
2068570
2068936
2068640
2070567
2070867
2072581
2074288
2075921
2077082
2077486
2079829
2080368
2080940
2081229
2081395
2081590
2083479
2085689
2088193
2087829
2089498
2091380
2092169
2092395
2093166
2093337
2093393
2093581
2094115
2094914
2097091
2097743
2098278
2103457
2104533
2105142
2105660
2107121
2107993
2107999
2108388
2111290
2111216
2112436
2113430
2114077
2114363
2115501
2116662
2116975
2118569
2120671
2121635
2122874
2123342
2123623
2124868
2125673
2125536
2127513
2129000
2129384
2130686
2130594
2132316
2132868
2132411
2133472
2134410
2135721
2136185
2136611
2137521
2137970
2138911
2139210
2141769
2141966
2143976
2144108
2144301
2144567
2146434
2146437
2146406
2149466
2151640
2151934
2154144
2154179
2155469
2155926
2156929
2157455
2157649
2159526
2160387
2160665
2160735
2160901
2161807
2162508
2163063
2165827
2165794
2165878
2166756
2168003
2168151
2168855
2170584
2172636
2173012
2174645
2174800
2175596
2175583
2176937
2177566
2177663
2177992
2178385
2178862
2181005
2181694
2182993
2183644
2185635
2189442
2190765
2191077
2192490
2192613
2193706
2194680
2195062
2195552
2196072
2196470
2196914
2197067
2200008
2200326
2200958
2201574
2202806
2203842
2203750
2203669
2204066
2204234
2205209
2205217
2206718
2209080
2209304
2209632
2209807
2209688
2209768
2210613
2210288
2211283
2212001
2212023
2213149
2213521
2213592
2214274
2214334
2214569
2214962
2215368
2215627
2217439
2217684
2218628
2219213
2219439
2220024
2219860
2221178
2221789
2223109
2223306
2223852
2223645
2225051
2225407
2225927
2226958
2229342
2231969
2232025
2232618
2232722
2235159
2235526
2235412
2235988
2236781
2238123
2238750
2240585
2241293
2241827
2243816
2244834
2245137
2245196
2246267
2247104
2248897
2249010
2249246
2253630
2258442
2259936
2261586
2262882
2263319
2263574
2264577
2265093
2265431
2265460
2265577
2267622
2269056
2269706
2269768
2271600
2272213
2274857
2276350
2278442
2278208
2279221
2280122
2281127
2285097
2285438
2286337
2287807
2290807
2291808
2293431
2293630
2295906
2295685
2298121
2298009
2298974
2299431
2299818
2300931
2301432
2301716
2302438
2303068
2304424
2304493
2305355
2305809
2306655
2307959
2308181
2311819
2312576
2314570
2315382
2315444
2315931
2316809
2317765
2318187
2318378
2318477
2318907
2321408
2322314
2322315
2322939
2323171
2324344
2324988
2325371
2327031
2327531
2327324
2329234
2330155
2331101
2330128
2332616
2333257
2334126
2336401
2337402
2337749
2339098
2339866
2339791
2340129
2340413
2341790
2343831
2344531
2345653
2345843
2346336
2347080
2348108
2349816
2350241
2351856
2352787
2354280
2355402
2355806
2356625
2356505
2357389
2357681
2358703
2359438
2359352
2359487
2359700
2360557
2362036
2362252
2362810
2362657
2363392
2364295
2365422
2365888
2366033
2366689
2366988
2366774
2367566
2367764
2369259
2369861
2370925
2372065
2371978
2372866
2374845
2376159
2378270
2379525
2381556
2381924
2381712
2382267
2382933
2382951
2385728
2386109
2386698
2386909
2388776
2390875
2392249
2391766
2392462
2393538
2395325
2396474
2396024
2397902
2398121
2398012
2399486
2399794
2400329
2400489
2402694
2403981
2404990
2405465
2407084
2407913
2408103
2408942
2410766
2410480
2410790
2411603
2412503
2414205
2414468
2414981
2414989
2415758
2419198
2422147
2423246
2423828
2424001
2425529
2425794
2429651
2429381
2432650
2432867
2433816
2434332
2434409
2434697
2434790
2436382
2436626
2436984
2437044
2437183
2437651
2438003
2438204
2438589
2439004
2439374
2443647
2444296
2444314
2444396
2445019
2445803
2446151
2448245
2448400
2449008
2451435
2452871
2454108
2454855
2455532
2455743
2456127
2457770
2458462
2458666
2459006
2459668
2460282
2461738
2461986
2463597
2464669
2465427
2466292
2466184
2466607
2466827
2467437
2466727
2470354
2469465
2470647
2471227
2471636
2471529
2473415
2476568
2477727
2477976
2479003
2480449
2483282
2483502
2484147
2485137
2486151
2486728
2487245
2488844
2488954
2489765
2490394
2491072
2491175
2493166
2495082
2494939
2497577
2497703
2497937
2497973
2499205
2502387
2503369
2504179
2505894
2505897
2507548
2507645
2508984
2509490
2509395
2509610
2510480
2511258
2511708
2512132
2512261
2512443
2512861
2512734
2519164
2519291
2521379
2521313
2521724
2522929
2523238
2523854
2523958
2523890
2524231
2524885
2525595
2526052
2528864
2528363
2529280
2529334
2529463
2531261
2531058
2532284
2534123
2534074
2534919
2537713
2537800
2538491
2538665
2539498
2539641
2539783
2539892
2541635
2542527
2542626
2542963
2543131
2543955
2544844
2545488
2545927
2546406
2547834
2548335
2548441
2548615
2549558
2549839
2550382
2550718
2551519
2553222
2553582
2555343
2555542
2555396
2556814
2556619
2558023
2559463
2559843
2560399
2561716
2562017
2562319
2563683
2564169
2564790
2565259
2565399
2565873
2566488
2567832
2567810
2567975
2568351
2569349
2570011
2571377
2572456
2574005
2575528
2576958
2577954
2578239
2578368
2581047
2579148
2581515
2582498
2583044
2583134
2583331
2583564
2584149
2586046
2586645
2587061
2586928
2588122
2588302
2588517
2589223
2589197
2589683
2590728
2592185
2592742
2594365
2595406
2596351
2596791
2597135
2597883
2598280
2598676
2599144
2599955
2601104
2601369
2601841
2602027
2602122
2602324
2605397
2605393
2605446
2605647
2606036
2608248
2608238
2609796
2609987
2609877
2610094
2611065
2611260
2612481
2613520
2613902
2616029
2618375
2618634
2619299
2621775
2623319
2623428
2624095
2624987
2625479
2626259
2627529
2627227
2628712
2629112
2630045
2630296
2630297
2630822
2631641
2632232
2633437
2634435
2635842
2636524
2639092
2639597
2640461
2642234
2642021
2642445
2644137
2645382
2646876
2650564
2650981
2651181
2651570
2651799
2652848
2653298
2653442
2653507
2653917
2653738
2654547
2656419
2656564
2657149
2657643
2659417
2661015
2662168
2663214
2663472
2664844
2665940
2668937
2668825
2668959
2670177
2669833
2671422
2671458
2673326
2673732
2675363
2675955
2675882
2676192
2676619
2678939
2679239
2679623
2679737
2680022
2680426
2682088
2682139
2683797
2683705
2684769
2684899
2685323
2686468
2686915
2687092
2687439
2687565
2687604
2689517
2691426
2693172
2693341
2694171
2694406
2694708
2698605
2699556
2699470
2699516
2699759
2703417
2705494
2706153
2706972
2709222
2708971
2712361
2712127
2713715
2714452
2715130
2715390
2715713
2717739
2718318
2718441
2720030
2720211
2720832
2720911
2722390
2722434
2722807
2723011
2723551
2723782
2724533
2726772
2728033
2729538
2730798
2731010
2730803
2732570
2732898
2735337
2735837
2736457
2738718
2738965
2739175
2740263
2740304
2740481
2740857
2742392
2743101
2743367
2743792
2744704
2745052
2745767
2745647
2746573
2747104
2749424
2749977
2749907
2750673
2751543
2752393
2753580
2753747
2753967
2754111
2754161
2755173
2755187
2756858
2757056
2756946
2757429
2758243
2759311
2761184
2761420
2763103
2763878
2765901
2766207
2767986
2767858
2768670
2769231
2769544
2769714
2770187
2771762
2772945
2773701
2773567
2774600
2774547
2774929
2775244
2775853
2776806
2778052
2778219
2779637
2784015
2785478
2785689
2786353
2787794
2788197
2788318
2789134
2790170
2789140
2791476
2791749
2793649
2794575
2794927
2795643
2796341
2796661
2799283
2799300
2800844
2801000
2804123
2805625
2806543
2806589
2807538
2808119
2809678
2812051
2812414
2813318
2814029
2814254
2814750
2815293
2815649
2817094
2817267
2818765
2820139
2820172
2820727
2822405
2822467
2824047
2824893
2825016
2825894
2825682
2827905
2828595
2829161
2829913
2830498
2831014
2830786
2831726
2831717
2832197
2831934
2832081
2833380
2833316
2833491
2835522
2837926
2838421
2838418
2838594
2839402
2841795
2843728
2844339
2845091
2845399
2846054
2846138
2847646
2847372
2848701
2850127
2850376
2852155
2852490
2853187
2857465
2857628
2859452
2860363
2860521
2862289
2862840
2864235
2864578
2864878
2865790
2865765
2867191
2868195
2868266
2868075
2870149
2870749
2871355
2872159
2872664
2874291
2876328
2876362
2877839
2879278
2880265
2880362
2880710
2880814
2881874
2882105
2882002
2883817
2884057
2884364
2885102
2887598
2888360
2888543
2889123
2889314
2892647
2892618
2893472
2894715
2894808
2895293
2897634
2900823
2901255
2901318
2903506
2907882
2908428
2908710
2909481
2909677
2911034
2912506
2913584
2913636
2913939
2916300
2918192
2919264
2920351
2920895
2921531
2922924
2923464
2923410
2923476
2923574
2924002
2924089
2927054
2927105
2928602
2930326
2934618
2936133
2937130
2937480
2938645
2939323
2940973
2941163
2941370
2941410
2943646
2944136
2944339
2947157
2947008
2947185
2948330
2948586
2949112
2950232
2951649
2952494
2952809
2952991
2955384
2955828
2957393
2957673
2958908
2959500
2960159
2960201
2961112
2961409
2961648
2962176
2962533
2962956
2963289
2963503
2966544
2968152
2968225
2968536
2969852
2970852
2970742
2970568
2973464
2973582
2973669
2973699
2975051
2975505
2975403
2976036
2976700
2977712
2977909
2980191
2981305
2984327
2985249
2985657
2987019
2987185
2988403
2989377
2989930
2990482
2991147
2992602
2993894
2994025
2994840
2995336
2995942
2997049
2998207
2999079
3001668
3001492
3002394
3002231
3003715
3004224
3005868
3005995
3006571
3006653
3006870
3009459
3011031
3010977
3011694
3013042
3013496
3014039
3014937
3015190
3015383
3016050
3016014
3016023
3016160
3016475
3016851
3017152
3016989
3017795
3018536
3018516
3019225
3019134
3019460
3019601
3019828
3020381
3020522
3024683
3025461
3025521
3026367
3027441
3027933
3030193
3030870
3034047
3034737
3034933
3035709
3037681
3038113
3038753
3038744
3038490
3039941
3040833
3041485
3041408
3041360
3042255
3044238
3046490
3047230
3047851
3049030
3048863
3049323
3050775
3050744
3050598
3051154
3054511
3055355
3055314
3056110
3057647
3057427
3057875
3059075
3061964
3062478
3063172
3064374
3065386
3065726
3067091
3068929
3069081
3069789
3070575
3070751
3070617
3071076
3071126
3071863
3073479
3073739
3073966
3076623
3076865
3076781
3077681
3080428
3080953
3082820
3083328
3085478
3086428
3086828
3087408
3087980
3089480
3090504
3091319
3091649
3092969
3094129
3096203
3096304
3096866
3097500
3098450
3098444
3098914
3099956
3100230
3101785
3101832
3103970
3106086
3107988
3109493
3109430
3110440
3111741
3111930
3112156
3112794
3113267
3113440
3113646
3116033
3115689
3116298
3116868
3119780
3119793
3121237
3122483
3122637
3122999
3123437
3123509
3123297
3126211
3126831
3128007
3129805
3131270
3132158
3132349
3132524
3133241
3132991
3133343
3134062
3135177
3135497
3136219
3137659
3138413
3138868
3140056
3140751
3140789
3141297
3141855
3142629
3142461
3143425
3143706
3144428
3144650
3144988
3145240
3146690
3146819
3148019
3149753
3149681
3149959
3150492
3150675
3151152
3151334
3152129
3152501
3152531
3152821
3153314
3153656
3153540
3154466
3154273
3155716
3157472
3158065
3158750
3159566
3159835
3160151
3160518
3160833
3161644
3161829
3161500
3162188
3163908
3164340
3165345
3165683
3165898
3166494
3168056
3170227
3170534
3171686
3171930
3172144
3172458
3173932
3175332
3175668
3176105
3178999
3180178
3181895
3182734
3183310
3183431
3184748
3186331
3188037
3188074
3188215
3188490
3188649
3189365
3188660
3190488
3190446
3190691
3191204
3191457
3192360
3192980
3195131
3195444
3197063
3197605
3197693
3197927
3197947
3198737
3199288
3199499
3200731
3201147
3202913
3203685
3205157
3208120
3208595
3209139
3210392
3212122
3214358
3214967
3216005
3216517
3217641
3218848
3219276
3220380
3220366
3222294
3222089
3222385
3223795
3225107
3227236
3228275
3228742
3228716
3232956
3232212
3233487
3234038
3234615
3234958
3234328
3235160
3235405
3235534
3235750
3237209
3237713
3238333
3239291
3239735
3240526
3242493
3243049
3245161
3245621
3245787
3245936
3247368
3248433
3249194
3249673
3250191
3250720
3251972
3252058
3252563
3252534
3253136
3253466
3253688
3254358
3254470
3254567
3255168
3255771
3256000
3257665
3258300
3258434
3258699
3258953
3259565
3261120
3261424
3262568
3264156
3264277
3264626
3265326
3264796
3266051
3266574
3266874
3269838
3271450
3271621
3271972
3273545
3274221
3277421
3278274
3279343
3279378
3279932
3282887
3285375
3285336
3286932
3289048
3289089
3292069
3292345
3292304
3292084
3293364
3293460
3293641
3293846
3294083
3295576
3295364
3296737
3297321
3298467
3298385
3299455
3301340
3301647
3302061
3302484
3302583
3303383
3303338
3304598
3305712
3306523
3306476
3307821
3308675
3310946
3311172
3311303
3311192
3311792
3313562
3313943
3313995
3314479
3315156
3315898
3318116
3318940
3321171
3322372
3322574
3323802
3325309
3327793
3328527
3328458
3329233
3330672
3331620
3331436
3332159
3331961
3332042
3332618
3334137
3334949
3335516
3336716
3337249
3338068
3337538
3338249
3338902
3339255
3339805
3339446
3341047
3342620
3344139
3344366
3344840
3344954
3347960
3350453
3350987
3351768
3352141
3352724
3353374
3353783
3353667
3354346
3354941
3356950
3357161
3358166
3358472
3358958
3359151
3359338
3359458
3359878
3361278
3361078
3361976
3362739
3362987
3364084
3365174
3366658
3367518
3368431
3369895
3369841
3370676
3371111
3371659
3372686
3372697
3373978
3374590
3375670
3377737
3379505
3381401
3381900
3382958
3383600
3383687
3383584
3383776
3385340
3385157
3385390
3388668
3389088
3389596
3390054
3390318
3390540
3390882
3391274
3392405
3392975
3394737
3395821
3395768
3396089
3396238
3396737
3396891
3396839
3397041
3397385
3399335
3399375
3399654
3400762
3401925
3402912
3402887
3403478
3403394
3403925
3405147
3405353
3405610
3405660
3406152
3407263
3407673
3408266
3408497
3409457
3410105
3410003
3411775
3412645
3412701
3412965
3414442
3414625
3415607
3417792
3418946
3419466
3419937
3421399
3425657
3426852
3427435
3428951
3428988
3429087
3429426
3430091
3430507
3430758
3430943
3431130
3431844
3433093
3433042
3434362
3434845
3435737
3436849
3437408
3437896
3438750
3438822
3439598
3440376
3440593
3440530
3441928
3442407
3442971
3442451
3442878
3444036
3444893
3445309
3444995
3445971
3446312
3447008
3448806
3450084
3450341
3452993
3453651
3454481
3455154
3456676
3457898
3458011
3460290
3464382
3466088
3466424
3467073
3467381
3468579
3469537
3470258
3471322
3472469
3474085
3474183
3474662
3475648
3476612
3477708
3477686
3477916
3478006
3478462
3479993
3481084
3481899
3484073
3484672
3486072
3488047
3490291
3490702
3490505
3490904
3491435
3492736
3492922
3493342
3493569
3493744
3495333
3495942
3495956
3496991
3497157
3498354
3500670
3501958
3502114
3504105
3505080
3505074
3505550
3505540
3506279
3506358
3506755
3506862
3507391
3508249
3508507
3508782
3510694
3512021
3512385
3513093
3514629
3514866
3515123
3515808
3518049
3518805
3519027
3519834
3521708
3523926
3525312
3525734
3527044
3527328
3527851
3528117
3528453
3529816
3532008
3533212
3533707
3535107
3536228
3536845
3536889
3537074
3538785
3538679
3540943
3540707
3542097
3542111
3541881
3542898
3543286
3543636
3545748
3547468
3547629
3549878
3551274
3551993
3552243
3553266
3553694
3554111
3553968
3555510
3555787
3556192
3558587
3558598
3560079
3560354
3562420
3562272
3563234
3564215
3565282
3565928
3568761
3570207
3570757
3571558
3573031
3573794
3573578
3574645
3575997
3576897
3577244
3578160
3578626
3578844
3579172
3579585
3580799
3580962
3581047
3580865
3584142
3583940
3586603
3586532
3586861
3588200
3588325
3588410
3591291
3592109
3593413
3595989
3597804
3598636
3598242
3600142
3602270
3602965
3602837
3604142
3603949
3605825
3607121
3607948
3609158
3609744
3611111
3612183
3613386
3613448
3613875
3614938
3615055
3616400
3617471
3618408
3619537
3619756
3620538
3622701
3623055
3624225
3624392
3624869
3625351
3626303
3626197
3627138
3627274
3627416
3627705
3627708
3629504
3629477
3630777
3631729
3632178
3632810
3633298
3633137
3632865
3634054
3636126
3636698
3636419
3637393
3638251
3642156
3643532
3644187
3645047
3645591
3646236
3647302
3648763
3649796
3650381
3651090
3651720
3652829
3653389
3654869
3654835
3655834
3655989
3657262
3657569
3657395
3658841
3658933
3659663
3659723
3660288
3660496
3661358
3661254
3662354
3662307
3663083
3664569
3664708
3665031
3665652
3667000
3667595
3670120
3670540
3671715
3671921
3674162
3675036
3674908
3677400
3677645
3678429
3678502
3679662
3680694
3680790
3681343
3683087
3684314
3684267
3684766
3685358
3685444
3686371
3687459
3689099
3689470
3690199
3690426
3691005
3691046
3691040
3692040
3694415
3695101
3696556
3696701
3696948
3697440
3698956
3699131
3700447
3700602
3700562
3700625
3701565
3702050
3702917
3704837
3706284
3706640
3710484
3710678
3710640
3712211
3713502
3713784
3713149
3714245
3715398
3715457
3715980
3716829
3716824
3719228
3719329
3721058
3722752
3723318
3726652
3728038
3728266
3728510
3728603
3728783
3728816
3731107
3732021
3732791
3734197
3734544
3735376
3737866
3737681
3738541
3738437
3740695
3741442
3743055
3743028
3743915
3744976
3745348
3744858
3745811
3746818
3747851
3748521
3748954
3751251
3751623
3752183
3753028
3754249
3754525
3757783
3759104
3759350
3759195
3759794
3759991
3762987
3763972
3764767
3766287
3766774
3767057
3767027
3767719
3767887
3769255
3769195
3769848
3770152
3770308
3770926
3770868
3771736
3771766
3772362
3772351
3772615
3776651
3777750
3780162
3780170
3781508
3782042
3785735
3786841
3786818
3788839
3788955
3790020
3790932
3791070
3792727
3794419
3795646
3795877
3795939
3796319
3797166
3799417
3800242
3803486
3803657
3805269
3805705
3806708
3807704
3809586
3809494
3809814
3810337
3812134
3812591
3813160
3814802
3821358
3821972
3822001
3822208
3823072
3823265
3824010
3824805
3826234
3827058
3827234
3828443
3831266
3831980
3833002
3832796
3833835
3834405
3834591
3834942
3835366
3836646
3836807
3837951
3839325
3840077
3842217
3843068
3847020
3847980
3848412
3850858
3851120
3851526
3851629
3852675
3853577
3853993
3854441
3859737
3861445
3862775
3862264
3864007
3864223
3864092
3864802
3865423
3865136
3865513
3865388
3865765
3865815
3867812
3868790
3869034
3869198
3871745
3871885
3872163
3872234
3874700
3875192
3875910
3877069
3878750
3880239
3880792
3881139
3882468
3883722
3884823
3885494
3885603
3888545
3888993
3888567
3889710
3889864
3890497
3891009
3893351
3893380
3895549
3895225
3896481
3899660
3902071
3902552
3903319
3907071
3907152
3907783
3908146
3909127
3911303
3910210
3912890
3914834
3921515
3922561
3923318
3924745
3926954
3927443
3929250
3930241
3931995
3932394
3933080
3933157
3933683
3933949
3934646
3935525
3936427
3937351
3937547
3938219
3938748
3938997
3939253
3940184
3941421
3942406
3942823
3943278
3943646
3944346
3944866
3945134
3945066
3947029
3947273
3947497
3948952
3950539
3951099
3950993
3951577
3952647
3953239
3954953
3955554
3956549
3956893
3957561
3958123
3958750
3959747
3960435
3960784
3960935
3960981
3960903
3961445
3962241
3966315
3968899
3969005
3969454
3969731
3970040
3970838
3970769
3971186
3971701
3972131
3972893
3972899
3973583
3973437
3975799
3975736
3976411
3976240
3976863
3977345
3977468
3977702
3977842
3979112
3980140
3980171
3983183
3985290
3986393
3987690
3989079
3989295
3989303
3989177
3989327
3990055
3990339
3991870
3993832
3993974
3994531
3994974
3996918
3997604
3998113
3998662
4000096
3999979
4001713
4003514
4004903
4005954
4006457
4006678
4007965
4009904
4014715
4015029
4016180
4018328
4019216
4018809
4019368
4019871
4021286
4021258
4023288
4024187
4023996
4024841
4026133
4027627
4027074
4028907
4029375
4030044
4032154
4032632
4033838
4034166
4034839
4035575
4035900
4036787
4041053
4043061
4044193
4046089
4045761
4048015
4048438
4048737
4049337
4049503
4049518
4049643
4049974
4051338
4052208
4054435
4055413
4056159
4056592
4057481
4060643
4060729
4061910
4062325
4062679
4064710
4064541
4064781
4064536
4064971
4065289
4066457
4066372
4067004
4067467
4067648
4068526
4068524
4068915
4070497
4070775
4071538
4072465
4073084
4073133
4074496
4074548
4074833
4077496
4080056
4080341
4080092
4081067
4081739
4082186
4083613
4083654
4086309
4086569
4086861
4087522
4088743
4089517
4089428
4091594
4091721
4092083
4092182
4092577
4092711
4095055
4095176
4095519
4097254
4099065
4099100
4098197
4099380
4099582
4099878
4099755
4100312
4103373
4105282
4106835
4108154
4108931
4112395
4112879
4112627
4113035
4114540
4117042
4117962
4117946
4118033
4120325
4121973
4122230
4122707
4123989
4124297
4124859
4125905
4126141
4127040
4127270
4128308
4128193
4128661
4129432
4129753
4131345
4132540
4133534
4135117
4134873
4134883
4135321
4135408
4136856
4136668
4136834
4136816
4136865
4138670
4138766
4138605
4139512
4140665
4141200
4142522
4142332
4142968
4143665
4143877
4146220
4147267
4147489
4148006
4148241
4148314
4149994
4151171
4151212
4152146
4152946
4152908
4153349
4153815
4153842
4153980
4154467
4156908
4157437
4157458
4157658
4159153
4159881
4160032
4160794
4162606
4162825
4163808
4164668
4165442
4165444
4169764
4171337
4171917
4174311
4174853
4177245
4177824
4178303
4178163
4178571
4178821
4179366
4179763
4181099
4181437
4181330
4181675
4181723
4182565
4184202
4185341
4187729
4189076
4189449
4189859
4190813
4192277
4192647
4192556
4192929
4193724
4194265
4194898
4195846
4196294
4196820
4197381
4196631
4197850
4198593
4200648
4201011
4203398
4203507
4203912
4204196
4205256
4207120
4208411
4210297
4210646
4211485
4211356
4211546
4212430
4212940
4212835
4214560
4215154
4216155
4216998
4219829
4219908
4220751
4221678
4222215
4224215
4224819
4226296
4227123
4227362
4227641
4227956
4227738
4228023
4228490
4229503
4229242
4230492
4230850
4230936
4232894
4234641
4235450
4238154
4238545
4239399
4241011
4241379
4241821
4242527
4242727
4243934
4244116
4244069
4244343
4245862
4246453
4248104
4250510
4251271
4250723
4257023
4257161
4260744
4260816
4262389
4264381
4265568
4266357
4267380
4267391
4267780
4268672
4269527
4269356
4270053
4270769
4272003
4272081
4271808
4273490
4274255
4273554
4274376
4275580
4275768
4277802
4278580
4279968
4281496
4281409
4283046
4288806
4288856
4289368
4290108
4292038
4292544
4292769
4293292
4293600
4294261
4297669
4298227
4299080
4300670
4300415
4301631
4303109
4305103
4305319
4305675
4306509
4308137
4308449
4308570
4309245
4309714
4310468
4310485
4310912
4311854
4311857
4313060
4314905
4317584
4317628
4319076
4319835
4320455
4320264
4321040
4323453
4325268
4326304
4326510
4326530
4326762
4326680
4326988
4326940
4327342
4328156
4329072
4329370
4329609
4330305
4331042
4331303
4331607
4331144
4332238
4332143
4332503
4332468
4334157
4334407
4335010
4336286
4337680
4340712
4341480
4341584
4341835
4344240
4344834
4344761
4345106
4345421
4345869
4345981
4346479
4346876
4347218
4347409
4347613
4348055
4349263
4349210
4349925
4349682
4350698
4352255
4352536
4352355
4352729
4354282
4355103
4356290
4356563
4357679
4357836
4358895
4359230
4358921
4360249
4360099
4360807
4360820
4360754
4362096
4362773
4364184
4364950
4365209
4365588
4365806
4366204
4367542
4367533
4367791
4368010
4368622
4368654
4369780
4370974
4371932
4373739
4374292
4375210
4377416
4378712
4379460
4380227
4380380
4381177
4381220
4381680
4381757
4381880
4381935
4383306
4383253
4383904
4385013
4387013
4387662
4387532
4388240
4388831
4391213
4391046
4391277
4391716
4392279
4392413
4392562
4395236
4395539
4398693
4399738
4400828
4400925
4409735
4409773
4411541
4412126
4412474
4415151
4416097
4416350
4416802
4417167
4418657
4418859
4420215
4420817
4422962
4424213
4424450
4427293
4427769
4427582
4428459
4430391
4432029
4432200
4432148
4433108
4436109
4436476
4436239
4436768
4436879
4437920
4439131
4439741
4439773
4439755
4441118
4441264
4445901
4447222
4449104
4449617
4449243
4449934
4450767
4450737
4451243
4452076
4452730
4455021
4455111
4455426
4455484
4456345
4456906
4457978
4458174
4459245
4459714
4460207
4460497
4461163
4462718
4465142
4465520
4465371
4465794
4466214
4467290
4467447
4469399
4471005
4471623
4472457
4474083
4474064
4474693
4474862
4476373
4476512
4476513
4476648
4477365
4477233
4478365
4482528
4485823
4487725
4488106
4489570
4490213
4495421
4495867
4496279
4497958
4498001
4499885
4500061
4501952
4502940
4503196
4502972
4503397
4504726
4506349
4508118
4508009
4508780
4509590
4509660
4509918
4509760
4510473
4511468
4512371
4512423
4513724
4513460
4516003
4516554
4517299
4517842
4518505
4519046
4519825
4520646
4520846
4521781
4522733
4524360
4524592
4525508
4526605
4526908
4527583
4527793
4528064
4528134
4528778
4529188
4529454
4529703
4529752
4530412
4530479
4529846
4531926
4532514
4533386
4533292
4535315
4535879
4537254
4538893
4541327
4542602
4543825
4545999
4549047
4549328
4549494
4551489
4552563
4552779
4553416
4553758
4554008
4554166
4555090
4556647
4557437
4559116
4559594
4560083
4561211
4562077
4562132
4562693
4564872
4565559
4566810
4567709
4567785
4568298
4570228
4570360
4570411
4572185
4572805
4574979
4575045
4575735
4575963
4577993
4582650
4583919
4583753
4583859
4586005
4587300
4587356
4587829
4590134
4590129
4590245
4591557
4593142
4592908
4592932
4593421
4593837
4594535
4594922
4595498
4596031
4600228
4600508
4602442
4604256
4604959
4604931
4605090
4606535
4606630
4607190
4607285
4607217
4608452
4609702
4609748
4611663
4613217
4613622
4614243
4615018
4615205
4615782
4616741
4617125
4617035
4618510
4618324
4618856
4619781
4620097
4619921
4620275
4620034
4621162
4623476
4623566
4624952
4625534
4626012
4627327
4627446
4628664
4628910
4630271
4630041
4631117
4632403
4633271
4636842
4637597
4639129
4640446
4641165
4641395
4642860
4643452
4643614
4643968
4644711
4645448
4646931
4648131
4648204
4648549
4649316
4649807
4650174
4651150
4651291
4652819
4654772
4656077
4656793
4660308
4660907
4661428
4662069
4662399
4663316
4663761
4664123
4664274
4666565
4666518
4667976
4668947
4669321
4669703
4670037
4672820
4674195
4673771
4674688
4676417
4676295
4679375
4680290
4680904
4681498
4682085
4681962
4683053
4683595
4684374
4686486
4688120
4689277
4689765
4690718
4691970
4692600
4692840
4694706
4695661
4695951
4695664
4696264
4696881
4698949
4698772
4700164
4700727
4700346
4701680
4701515
4701830
4701790
4705008
4705384
4706984
4708480
4709087
4709277
4709914
4710813
4710860
4710936
4710981
4711407
4712533
4713386
4713793
4714070
4714943
4715152
4715567
4715846
4716770
4717379
4719876
4719877
4720488
4724849
4724610
4725306
4732169
4734920
4735145
4735486
4737044
4737072
4738354
4738614
4739511
4740680
4741019
4741489
4744017
4746688
4746950
4747216
4747408
4747129
4747401
4747727
4747452
4748795
4749356
4749657
4751929
4755558
4757794
4761934
4764515
4766468
4767167
4768523
4768773
4769391
4770592
4771437
4773185
4773279
4773756
4774345
4775291
4777282
4778204
4778736
4779494
4780086
4780974
4781293
4781528
4783864
4783723
4783958
4783792
4784346
4787286
4788405
4790690
4791738
4792507
4792762
4793658
4793927
4796239
4797070
4797940
4800978
4800947
4802305
4802535
4802834
4804509
4804518
4805912
4808129
4808699
4810384
4812500
4812923
4812942
4814435
4814688
4815503
4816688
4817245
4819122
4819519
4820001
4820028
4821075
4822984
4823548
4826663
4828206
4828581
4828906
4830097
4830608
4832075
4832751
4835442
4835435
4835897
4837055
4838121
4838368
4839101
4839658
4840258
4840215
4842093
4842192
4843058
4843258
4843596
4844372
4845614
4848013
4847766
4848076
4848198
4849455
4851304
4851894
4851595
4852317
4852600
4853214
4855168
4855461
4856532
4857403
4859852
4861004
4862579
4862549
4863096
4863778
4863956
4864113
4864725
4865349
4868083
4867974
4867985
4869718
4869933
4870437
4870326
4871525
4871361
4871975
4871900
4872731
4873370
4873776
4875132
4875256
4876417
4877065
4877666
4880320
4880387
4881077
4884893
4886203
4887016
4887076
4887123
4888591
4889318
4890930
4893192
4894101
4894659
4895189
4896080
4896387
4896566
4897335
4896836
4897661
4900862
4901958
4901951
4901858
4902166
4902143
4904479
4905516
4904947
4905846
4907059
4909127
4909717
4909594
4910245
4912138
4912643
4914246
4914742
4915115
4915625
4916447
4916818
4918003
4918656
4919016
4919198
4919168
4919380
4920642
4921331
4921600
4923385
4923534
4923458
4923661
4925476
4925934
4926954
4927479
4928857
4929728
4931019
4931704
4932183
4932193
4933074
4933400
4934712
4938547
4938351
4939028
4939046
4939680
4940221
4940389
4940527
4940411
4941005
4941784
4942896
4942673
4942652
4943087
4943290
4945281
4945654
4945775
4947350
4948775
4949021
4949276
4949751
4953305
4955536
4955470
4955772
4956139
4957451
4958157
4959063
4960038
4960782
4961610
4963183
4963480
4964910
4966326
4966503
4967184
4968039
4968225
4968201
4968378
4968458
4969026
4970140
4970286
4970275
4970418
4970723
4973107
4973538
4973713
4973787
4975877
4975714
4977507
4979478
4979967
4979946
4982417
4983049
4983570
4983835
4984457
4985717
4985720
4986383
4987637
4988968
4990688
4991213
4991371
4992816
4993206
4993653
4995622
4995640
4996075
4996104
4996106
4996757
4997087
4996988
4997888
4998699
5002123
5001905
5002904
5003297
5003328
5004192
5006215
5006963
5007183
5007500
5007686
5010022
5009937
5010708
5011785
5013161
5012982
5014081
5015475
5016059
5016729
5016875
5016810
5017163
5021657
5022209
5023030
5024634
5024882
5025380
5025849
5028130
5030059
5030704
5030905
5032568
5032561
5034673
5034950
5036199
5036389
5036106
5037268
5038362
5040558
5040402
5043602
5047268
5047658
5048693
5049663
5049522
5050112
5050573
5050720
5051774
5052960
5053631
5054540
5055746
5056679
5057725
5059713
5060907
5061386
5063464
5064419
5065119
5065683
5066022
5066447
5067388
5068297
5068591
5069645
5069752
5071137
5072764
5075063
5075354
5076036
5077243
5078199
5078402
5078596
5081210
5083395
5084530
5085117
5085518
5085772
5087051
5087436
5087419
5088326
5089647
5091758
5092663
5094009
5095231
5096061
5097509
5098062
5099018
5099942
5100763
5101199
5101234
5101800
5102674
5103287
5103671
5103730
5104326
5106215
5106837
5107243
5108212
5110272
5110748
5111046
5112776
5113878
5113850
5113692
5114185
5115335
5115463
5117084
5117356
5118280
5119547
5120261
5120418
5121426
5122825
5123260
5123034
5124518
5124659
5125515
5125746
5126274
5126325
5126364
5127551
5128187
5128428
5130081
5131472
5131800
5132324
5132593
5133050
5133920
5134679
5138048
5138091
5138449
5138672
5138976
5139317
5142723
5143265
5143842
5144107
5144824
5145461
5145395
5146246
5146656
5147020
5147622
5147875
5146909
5151110
5151430
5151372
5153984
5154701
5155762
5155906
5156998
5159214
5161411
5163353
5164141
5165782
5166914
5166928
5167366
5167270
5167536
5169027
5169368
5169539
5169593
5170002
5170055
5170930
5172224
5172632
5172967
5172651
5173187
5174056
5175917
5176775
5178605
5179504
5180614
5181517
5183602
5184209
5186624
5186588
5190642
5190767
5190953
5191234
5192091
5192844
5194144
5194871
5195913
5196604
5198271
5198999
5199762
5199505
5200097
5202783
5203277
5203548
5203937
5205617
5206332
5206796
5207381
5208456
5209548
5210416
5210680
5211074
5213013
5214043
5214766
5215373
5216187
5217999
5219366
5220587
5221849
5222517
5222352
5223054
5224552
5225397
5226928
5226887
5227351
5227992
5228343
5228314
5228958
5229808
5229982
5230749
5230916
5232534
5233264
5233277
5233458
5233921
5234460
5234682
5237006
5237039
5237113
5237256
5237982
5238494
5240701
5241535
5241770
5242385
5242499
5243508
5243734
5244304
5244094
5246294
5246588
5247356
5247477
5247842
5247906
5248277
5250669
5252482
5253158
5253502
5255218
5255727
5255780
5256594
5257344
5257185
5257741
5258288
5259889
5259724
5260928
5260943
5262893
5264077
5264977
5266318
5267287
5266987
5270343
5270587
5271091
5272214
5271940
5274020
5276575
5278498
5279033
5279179
5279300
5281038
5281363
5281558
5281845
5282702
5283661
5283791
5284168
5285928
5285771
5286161
5287263
5287489
5287908
5289087
5289386
5291104
5291692
5292108
5292288
5292328
5294141
5294439
5294880
5295226
5297811
5298685
5298978
5299968
5299874
5300885
5301120
5301879
5302270
5304260
5305485
5306878
5307418
5307425
5309277
5309785
5309648
5310264
5310260
5312376
5312831
5312813
5313824
5314337
5314849
5314870
5314652
5315543
5316693
5316858
5317280
5318280
5318749
5320331
5322121
5322138
5322330
5322402
5322770
5323374
5323579
5326066
5326041
5326310
5326908
5327626
5327557
5327764
5329260
5330108
5330837
5331821
5332177
5332207
5332736
5332788
5333963
5334156
5335116
5335459
5336628
5337889
5337972
5338999
5339298
5340626
5342309
5342544
5344185
5344148
5344154
5344930
5344842
5346598
5347446
5347965
5349268
5349916
5349969
5350270
5350370
5350592
5350715
5351310
5351795
5352334
5353320
5353630
5354666
5360428
5360361
5360848
5361349
5361170
5361447
5363063
5363469
5363797
5363716
5364260
5364509
5364520
5364954
5365868
5366696
5367776
5368477
5369316
5369754
5369911
5369595
5369781
5370505
5371038
5371411
5372173
5372252
5375314
5375323
5375378
5375878
5376052
5375910
5376613
5377591
5377849
5381046
5381059
5381064
5381680
5382119
5382542
5384299
5385540
5386666
5388867
5389548
5391414
5392028
5392186
5392558
5392709
5395286
5395168
5395300
5396698
5396982
5396791
5399122
5398916
5400641
5400966
5403136
5403938
5405092
5406296
5407473
5407422
5409005
5409405
5409463
5410163
5410658
5411812
5412939
5413598
5413785
5414422
5416702
5416411
5417336
5417816
5417984
5419868
5420092
5420691
5421169
5421500
5421972
5423080
5423640
5427577
5429293
5429385
5430486
5430887
5431067
5431359
5431611
5432292
5433668
5435611
5437903
5438207
5438885
5439909
5440646
5440869
5441456
5441778
5442751
5442779
5443375
5444486
5444734
5444771
5445735
5445815
5448297
5448336
5449497
5449289
5449549
5449628
5450298
5450484
5450585
5450709
5451848
5453630
5455861
5456117
5456336
5458131
5458340
5459669
5460154
5460774
5461589
5461745
5462923
5462497
5463898
5463985
5466270
5466276
5467145
5467680
5469112
5469089
5469157
5469783
5471411
5471696
5472055
5472001
5472721
5473175
5473625
5474741
5475024
5477087
5477453
5477850
5478616
5479041
5481534
5482090
5483477
5485104
5488178
5487990
5488150
5488988
5490097
5491157
5491338
5491552
5491940
5493326
5493875
5494485
5494684
5495505
5497428
5498913
5499359
5499571
5500232
5501131
5501634
5502449
5504993
5506654
5507142
5507816
5508810
5508524
5508440
5509652
5511645
5512202
5513531
5513591
5513903
5515365
5516880
5517662
5517639
5519534
5520087
5520182
5520256
5520863
5521025
5521364
5521781
5521863
5522424
5523705
5524109
5524106
5524402
5524659
5525323
5526233
5526745
5527690
5527796
5528038
5528207
5529726
5530186
5530400
5530656
5531810
5531803
5531845
5534272
5535659
5536633
5539467
5541525
5541732
5542086
5542507
5542745
5544088
5544006
5544677
5546226
5547761
5548055
5548168
5548671
5549752
5550489
5550736
5551375
5553091
5554200
5554589
5554465
5555074
5556298
5558199
5558476
5558977
5560010
5561647
5561904
5562536
5566997
5568191
5569028
5568817
5569646
5569999
5569987
5571340
5571729
5572866
5574381
5575154
5575411
5575893
5580002
5580189
5580227
5580328
5581801
5582852
5583214
5584062
5583874
5585409
5587633
5588589
5589229
5591239
5591594
5594038
5595022
5597197
5597540
5599402
5599518
5600760
5601555
5602224
5603968
5604239
5604315
5605689
5606047
5606604
5608512
5609190
5609981
5609910
5610255
5611231
5611618
5611949
5612303
5612601
5613086
5614120
5615801
5616024
5616095
5616126
5618122
5618419
5618628
5619289
5619376
5619356
5621324
5621672
5621731
5621893
5623158
5623903
5625392
5625454
5625601
5628609
5628770
5632863
5633101
5633192
5633550
5635676
5638090
5638595
5638841
5639515
5639824
5639624
5640254
5640425
5642173
5642133
5642125
5642266
5644155
5644625
5645546
5645928
5646230
5648112
5648381
5648739
5649257
5649907
5650999
5651276
5652038
5651640
5653286
5654424
5654073
5654527
5656565
5656929
5657100
5658543
5658763
5658746
5660962
5662361
5662958
5662872
5663141
5663495
5664621
5668170
5668140
5668476
5670170
5671315
5671734
5672043
5672691
5673428
5673370
5674263
5675387
5677640
5678189
5678437
5678631
5680283
5681563
5682428
5683376
5684667
5684673
5684806
5684947
5685789
5686727
5688610
5690858
5691797
5693057
5693476
5694687
5694895
5695027
5697615
5699799
5700121
5701027
5700870
5701224
5702184
5702535
5703257
5703334
5703793
5704234
5704455
5704797
5704955
5706262
5708278
5708178
5709750
5709955
5711150
5712132
5712881
5714892
5714774
5715772
5716118
5716552
5717290
5718465
5719238
5720660
5720868
5721517
5723582
5723918
5724064
5724347
5724859
5724897
5725487
5726051
5726093
5726942
5727116
5728331
5728426
5728976
5729698
5730073
5731154
5731975
5732068
5732707
5732787
5734200
5736580
5736882
5737604
5739520
5739538
5740340
5740725
5740989
5740912
5743088
5743710
5744190
5746108
5746905
5748999
5749425
5754073
5755974
5756528
5757057
5756836
5760600
5760699
5764200
5765964
5766556
5766606
5767833
5767532
5768482
5768035
5769465
5769528
5770304
5771353
5771761
5772057
5773380
5772791
5774416
5774883
5776090
5777188
5777427
5777612
5778113
5777332
5778831
5779798
5781712
5781657
5784286
5784456
5784852
5784887
5785641
5786882
5787866
5787932
5787970
5788657
5788563
5788853
5791560
5791914
5791872
5793255
5796031
5796587
5797803
5801330
5802565
5803648
5805854
5805916
5807092
5807338
5808314
5809032
5810080
5810112
5813698
5814393
5814583
5815049
5815647
5816957
5818384
5819237
5819383
5820643
5820142
5822516
5823956
5825778
5825999
5827515
5827802
5827892
5828784
5829397
5830438
5830395
5830501
5831385
5832272
5833185
5833300
5834593
5836532
5836646
5838136
5838893
5841003
5842822
5842987
5845708
5846771
5849892
5850528
5850763
5851769
5853749
5853611
5853684
5853728
5853991
5854755
5856635
5857570
5860015
5861482
5862133
5862427
5863016
5863441
5863717
5863610
5863626
5864190
5864519
5864996
5865463
5868937
5869781
5870313
5870504
5870280
5872166
5873063
5875752
5875807
5875834
5878012
5879242
5881055
5882899
5883440
5883970
5884168
5884194
5884608
5885927
5886869
5891012
5891290
5894341
5895042
5895638
5895721
5897302
5898130
5898856
5899501
5899404
5900270
5901111
5901232
5901292
5902444
5904171
5904639
5904908
5907135
5908054
5908884
5909687
5912375
5912756
5913397
5914175
5916230
5917607
5919888
5919911
5920642
5920750
5922626
5924363
5926031
5926892
5927741
5928287
5928559
5928983
5930918
5932047
5933129
5934140
5934682
5935773
5935945
5937243
5938246
5938476
5939106
5939427
5939661
5940710
5941382
5942573
5943090
5945312
5946002
5946543
5950076
5950817
5950951
5953419
5953727
5953289
5954800
5955321
5955328
5955521
5958455
5959375
5959419
5959407
5959867
5960613
5960557
5961067
5962430
5963404
5963363
5966128
5966698
5966935
5967403
5967609
5970573
5972042
5973846
5975703
5975308
5975878
5976950
5979214
5979341
5979782
5980105
5980773
5980904
5983409
5983380
5983739
5984997
5985333
5985452
5985575
5987998
5990150
5990394
5991292
5991359
5992775
5994177
5995258
5995836
5996473
5996495
5996907
5997439
5997842
5997951
5998175
5998426
5998982
5999159
6000841
6000991
6001443
6002536
6004266
6005496
6005465
6006548
6007600
6009419
6010436
6011723
6012421
6012708
6013419
6014089
6014171
6015633
6015787
6019412
6019704
6020831
6022001
6025266
6025444
6025452
6026477
6026950
6027538
6028367
6029439
6031043
6032535
6034018
6034565
6034495
6035001
6035245
6036457
6037100
6037627
6040633
6043050
6043701
6044129
6044398
6045398
6046359
6047032
6047826
6048597
6048089
6049905
6050289
6051827
6051835
6052599
6054620
6054975
6056784
6057920
6059637
6059401
6059963
6060780
6061268
6061699
6061579
6062921
6063881
6064268
6065366
6066578
6066783
6067343
6067986
6068736
6068868
6069660
6070059
6071291
6071635
6073388
6072989
6072993
6074986
6076742
6077288
6077628
6078203
6078531
6078645
6078767
6079206
6080958
6081054
6081746
6082066
6081718
6082508
6082998
6084083
6085649
6085808
6085644
6086505
6087356
6087358
6087605
6088009
6089368
6090614
6091004
6092155
6092665
6093987
6094292
6095294
6096630
6097515
6097618
6097859
6099814
6100402
6100993
6100898
6101612
6102147
6102777
6104399
6104702
6105084
6105731
6106896
6107791
6108308
6109213
6109519
6109762
6112325
6114582
6115014
6115622
6115701
6115943
6116778
6120673
6120782
6120932
6121126
6121789
6122256
6123152
6124041
6124999
6125960
6128361
6128505
6129264
6130044
6130520
6130696
6131114
6132957
6133131
6135026
6135577
6135418
6136061
6136789
6137101
6136900
6138054
6138185
6138741
6139083
6139224
6139276
6139616
6138604
6139606
6139830
6141349
6141691
6140718
6141866
6142398
6142693
6142849
6143107
6143820
6145829
6145460
6147743
6148449
6148614
6148717
6149119
6149688
6150828
6152856
6153449
6153403
6156056
6155824
6157129
6158121
6159179
6160289
6160566
6162032
6162107
6164679
6165190
6165812
6167219
6168909
6169145
6169829
6169792
6170215
6170997
6171358
6171779
6172542
6172443
6173576
6174585
6175261
6176689
6177212
6180085
6180468
6180614
6181742
6181730
6181931
6181933
6182439
6183891
6184637
6185043
6186854
6187134
6187734
6187996
6189650
6189996
6190310
6190523
6192905
6194381
6195229
6196837
6197333
6197657
6197219
6197673
6198265
6198662
6199565
6199964
6201419
6201350
6202195
6202563
6203111
6203585
6204031
6204791
6205272
6207257
6210189
6211205
6212309
6212564
6212196
6212737
6213420
6213244
6213770
6214792
6215845
6216180
6216224
6218177
6221256
6221415
6222808
6223629
6224715
6225964
6226039
6226602
6226718
6227312
6228767
6228808
6230417
6230750
6231245
6232119
6232366
6232757
6233764
6235113
6235880
6236615
6236989
6238392
6238494
6238411
6238736
6239213
6239441
6239775
6242172
6244236
6244366
6245101
6245934
6246839
6247077
6247321
6248257
6248631
6252464
6252974
6252884
6253459
6253487
6253682
6254164
6254598
6255121
6256066
6256252
6256498
6256815
6256785
6258229
6259330
6259538
6260479
6260955
6261247
6261635
6265691
6265954
6266247
6267939
6269860
6270497
6270358
6276893
6277171
6279058
6280135
6281160
6281537
6282147
6282138
6282619
6284107
6285982
6286597
6288113
6288118
6288520
6288684
6288848
6289883
6290014
6290143
6290978
6291162
6291071
6292037
6292711
6297070
6297075
6299189
6300578
6303541
6305448
6305553
6305902
6306426
6306887
6308128
6308910
6309316
6309464
6310302
6312094
6312398
6312883
6314920
6315846
6316920
6317883
6318176
6320368
6321609
6321754
6322474
6322606
6323719
6325202
6326486
6326444
6326409
6327474
6327892
6331392
6332632
6332977
6332980
6333899
6334812
6335113
6335559
6336666
6336943
6338355
6340578
6343691
6344192
6343947
6346079
6346518
6346370
6347298
6348240
6350688
6350571
6350827
6352449
6354121
6355317
6356840
6357248
6357797
6358966
6358974
6359787
6361854
6361802
6363095
6363766
6365494
6366320
6366556
6367082
6368098
6369953
6370314
6370404
6372122
6376565
6376776
6377594
6378426
6378918
6378941
6378883
6379221
6379318
6379925
6381328
6382343
6382574
6382708
6383950
6384052
6385447
6385539
6386417
6386829
6386909
6386697
6387178
6387648
6388848
6389077
6389446
6389595
6390118
6390466
6390877
6393302
6393758
6395242
6395416
6396668
6397169
6398058
6398231
6398442
6398701
6401599
6402609
6403466
6403036
6403587
6403968
6405173
6405556
6405918
6405514
6405995
6409674
6410370
6410128
6410916
6414701
6415329
6415993
6416337
6417448
6417597
6418481
6419629
6420256
6420941
6420816
6421843
6423052
6423856
6424094
6424140
6425294
6425027
6426813
6426709
6427089
6427982
6429452
6429989
6430102
6430695
6432310
6432302
6433000
6434607
6435114
6435905
6435808
6437685
6438560
6439141
6439807
6440975
6441424
6441250
6441493
6440948
6444771
6446181
6446322
6446284
6451598
6452471
6452493
6453210
6454568
6455578
6456491
6456836
6457338
6458189
6458199
6460032
6462865
6464695
6464876
6465311
6466249
6467319
6467074
6467883
6468382
6468781
6469138
6469427
6470720
6471021
6470945
6470950
6470879
6472393
6473218
6475094
6476422
6477452
6477522
6478183
6478614
6479104
6479927
6479897
6479748
6480484
6481873
6482475
6481905
6483930
6484508
6484657
6484885
6484856
6487868
6487992
6490875
6492460
6494214
6496487
6498663
6499229
6499248
6501744
6502078
6502672
6503471
6504927
6506209
6508427
6508684
6509605
6510458
6510912
6511444
6512189
6513303
6513850
6516854
6516802
6518066
6521133
6521650
6521758
6521756
6523457
6524205
6526121
6526312
6526592
6529532
6530516
6531153
6532090
6534852
6535415
6535171
6535527
6536780
6539583
6540071
6541070
6540924
6543436
6543847
6544220
6546312
6547296
6547540
6551309
6551096
6552403
6553664
6557214
6557460
6557502
6558641
6558425
6558868
6559540
6559945
6561738
6561739
6562565
6563801
6563919
6565333
6565272
6565732
6569891
6570396
6572882
6574770
6575577
6575411
6576203
6578116
6578249
6580005
6579915
6581844
6582459
6582685
6583175
6584377
6585341
6585824
6585935
6586108
6586531
6586677
6589300
6589865
6593010
6594154
6594910
6595286
6595536
6595765
6596807
6596608
6597702
6598105
6598641
6599470
6599823
6600733
6600874
6602379
6602726
6603173
6605277
6608366
6608448
6609786
6609791
6609897
6611458
6611387
6612154
6614349
6615541
6615835
6619027
6619367
6619417
6619289
6623480
6624792
6624957
6625212
6625264
6626146
6628384
6628974
6630918
6631672
6632519
6632396
6633083
6633330
6633602
6634057
6634865
6636687
6637415
6640286
6640432
6640850
6640778
6641859
6644146
6645176
6645808
6646819
6646848
6647263
6647605
6647768
6648424
6648416
6649161
6649205
6650206
6650415
6650115
6652811
6652939
6654402
6655008
6655314
6656653
6658507
6666364
6666470
6669071
6669751
6670559
6671229
6671066
6672530
6674310
6675339
6675416
6676099
6676272
6677133
6677030
6678648
6680035
6681047
6681501
6683568
6684174
6685197
6686997
6688696
6689033
6689754
6691520
6692349
6692869
6693068
6692875
6694246
6695082
6695374
6696335
6696709
6696627
6697417
6697496
6697684
6698171
6698279
6700761
6702074
6702646
6703081
6703195
6705130
6705233
6706810
6706811
6706637
6707575
6707719
6707818
6708178
6708285
6709051
6708984
6709218
6710632
6711135
6716446
6716605
6716650
6717703
6718150
6718374
6719461
6719858
6720403
6719889
6721114
6722423
6723385
6725511
6726907
6727436
6728446
6728711
6729200
6730587
6730758
6731659
6731973
6731648
6731787
6732599
6733799
6735307
6736162
6736230
6736069
6736169
6736856
6738607
6740450
6740645
6740681
6740570
6743293
6743434
6743397
6744007
6746909
6747728
6748895
6750577
6750340
6752218
6752424
6752815
6752947
6752906
6754602
6754840
6755432
6755648
6755735
6755659
6757187
6759771
6760664
6762061
6763363
6763721
6764890
6764995
6767126
6767862
6768235
6768669
6768689
6769765
6770110
6770499
6771756
6772788
6773211
6773895
6775121
6776728
6777000
6777508
6777859
6779377
6779672
6779625
6779907
6780970
6782477
6784057
6784949
6785200
6785514
6786589
6790541
6790755
6792482
6794427
6795066
6795942
6797470
6798688
6799505
6799976
6800775
6800777
6800917
6801853
6802577
6803321
6802668
6803409
6803369
6804245
6804386
6804484
6805024
6805954
6806087
6807449
6809568
6809999
6811056
6811878
6812864
6813079
6813816
6815479
6815656
6815482
6816171
6818293
6818929
6819610
6819849
6820307
6821665
6821788
6822785
6824238
6824157
6824588
6825276
6827535
6830031
6830018
6830407
6830458
6830919
6831737
6831834
6832343
6832309
6832096
6833234
6833631
6833999
6833825
6835692
6836656
6837369
6836594
6837612
6837633
6837753
6837947
6837876
6838749
6842795
6843555
6843997
6844343
6844817
6846437
6847178
6846988
6848847
6849117
6848899
6850792
6852607
6853496
6854231
6855303
6855369
6855829
6856015
6858316
6859355
6859677
6859658
6861464
6861684
6862997
6865639
6866086
6865946
6866769
6868129
6868625
6869346
6869635
6870120
6871607
6872022
6874140
6874455
6874472
6876358
6876519
6876957
6876965
6879517
6879573
6879295
6881343
6882293
6882349
6882807
6884267
6884929
6885800
6886522
6887037
6888399
6888572
6888998
6888956
6891276
6891364
6892054
6892327
6893246
6894546
6894485
6895654
6895771
6896519
6897193
6896836
6897445
6897408
6897808
6898294
6898657
6899293
6900594
6901552
6901931
6902277
6902671
6902564
6903597
6903464
6904862
6904940
6905506
6905892
6908023
6909366
6910451
6911591
6911647
6912137
6913156
6913131
6913159
6914339
6914478
6916060
6916573
6916742
6917477
6916988
6918153
6918347
6918233
6919095
6919182
6919328
6919953
6919835
6921385
6923444
6923921
6925387
6926301
6929274
6931199
6932315
6933207
6933658
6934297
6936472
6936488
6936618
6936684
6936844
6939323
6940391
6942037
6941975
6942775
6943364
6943553
6943757
6945165
6945153
6945543
6945348
6945610
6947029
6947041
6947030
6947420
6947903
6947841
6947920
6948217
6952627
6953665
6953398
6954252
6954967
6954888
6955536
6956176
6956244
6957226
6958369
6958412
6959316
6960119
6960524
6961290
6961729
6964555
6964733
6965515
6965737
6966002
6967023
6967412
6967945
6968689
6969323
6970118
6972332
6973849
6977443
6976745
6977565
6978791
6979417
6981271
6981290
6981492
6982039
6982759
6983299
6985397
6986021
6987584
6988196
6988492
6989104
6989681
6990326
6992061
6993582
6994284
6994574
6995386
6996683
7000043
7001119
7002334
7002769
7003648
7004712
7004973
7005735
7006808
7008613
7008865
7008315
7008927
7010073
7010025
7010205
7010518
7010606
7010891
7012951
7013910
7015751
7016077
7016075
7017020
7017611
7018001
7018458
7018179
7018992
7022932
7023689
7024184
7025959
7026341
7029105
7029898
7031454
7034851
7035099
7035757
7036891
7038500
7039678
7039864
7039841
7041453
7041849
7043878
7044337
7047316
7048009
7048755
7051174
7051575
7052009
7052236
7053497
7053751
7054104
7053972
7054223
7055119
7055130
7056659
7059365
7059569
7060342
7061326
7063697
7063825
7065264
7065395
7065522
7066644
7067620
7068902
7069233
7069946
7070576
7070782
7071557
7071893
7072333
7072364
7072949
7073535
7074681
7074769
7077619
7078461
7078700
7079497
7079971
7080512
7081232
7082844
7083916
7084212
7084956
7084547
7086286
7087685
7088103
7089166
7089649
7090458
7092771
7092907
7093179
7094898
7095110
7094739
7095132
7095780
7096633
7096648
7097394
7097530
7098673
7099038
7099245
7100007
7100418
7100963
7103370
7103578
7105072
7107385
7107328
7107781
7107882
7108448
7109999
7109544
7109986
7109924
7110595
7110770
7110677
7113365
7114386
7113866
7116380
7116488
7117429
7118545
7118894
7121857
7122363
7123817
7124036
7125247
7125471
7127444
7128573
7129511
7129120
7130536
7131966
7132901
7132971
7133679
7134140
7134542
7134911
7135372
7136417
7136607
7137026
7137158
7137011
7137285
7137601
7137649
7137860
7138170
7140251
7141619
7143578
7144052
7145357
7145596
7145860
7146189
7146255
7147273
7148553
7149871
7151138
7153295
7153574
7156978
7157993
7159036
7160775
7160752
7161595
7163119
7164332
7164277
7165062
7164892
7166230
7167186
7168597
7168655
7169165
7169641
7171110
7171792
7171655
7172220
7172106
7172717
7172434
7173247
7174269
7176133
7176421
7177648
7177590
7181848
7182173
7182287
7184959
7185629
7185937
7188161
